259.0679523244956
236.0837179303845
214.70238148036836
194.82922799842225
176.37547497381595
159.2578486679589
143.39819157174682
128.72311234669104
115.16366591520001
102.65504784207855
91.13630636204464
80.55008225120969
70.84237280737592
61.96231187116476
53.86196705956039
46.4961499622829
39.82223477383138
33.799989163956255
28.391427702778955
23.560684331148817
19.27389107145173
15.499057221824994
12.205953621852837
9.366003651679378
6.952181919366544
4.938925961090473
3.3020632587139644
2.018745985250809
1.0673826248072935
0.4275644817349416
0.079994399323123
0.006422404588573016
0.1895875102454879
0.6131684939562565
1.2617435513311956
2.1207538790016134
3.176463138712211
4.415910346619649
5.826861795243595
7.39776893829596
9.117731492764356
10.97646543043528
12.964275923900917
15.072034508069141
17.291154912642988
19.61356396456816
22.03166791058348
24.53832035464184
27.126795150019976
29.790763292341726
32.52427223026566
35.3217286829345
38.177882985126985
41.08781322929691
44.04690518089979
47.050829746449146
50.09552033603488
53.17715411083717
56.29213648667014
59.43708771314308
62.60883060308402
65.80438101380025
69.02093822001846
72.25587389885014
75.50671918806968
78.77114985023628
82.04697310599371
85.3321168480269
88.62462127727531
91.92263176114965
95.22439272321245
98.5282431055854
101.83261211450372
105.13601428716295
108.43704227910439
111.734359753937
115.02669337606173
118.31282715595378
121.59159812569705
124.86189362864008
128.12264920539778
131.37284726086162
134.61151639877917
137.83773073763393
141.05060749745752
144.24930403207438
147.43301387479087
150.60096321228266
153.75240820010214
156.88663409558114
160.00295496076376
163.10071381866678
166.17928310091818
169.23806540341306
172.2764940344785
175.2940323843829
178.29017277347725
181.2644339177927
184.21635925918477
187.1455149872639
190.0514895298076
192.93389392258504
195.79236237789826
198.62655265934697
201.4361466385364
204.22085123893606
206.98039827731867
209.71454417821428
212.42306834758085
215.105771455588
217.76247355910073
220.3930131245762
